57 42 53 56 20 1 96 7 5 8 15 66 83 4 63 93 88 55 6 100 68 39 84 87 3 76 47 22 9 38 46 99 61 73 89 40 86 35 91 90 41 12 200

1) group the input sequence in pairs  (done)
57 42 | 53 56 |20 1 | 96 7 | 5 8 | 15 66 | 83 4 | 63 93 | 88 55 | 6 100 | 68 39 | 84 87 | 3 76 | 47 22 | 9 38 | 46 99 | 61 73 | 89 40 | 86 35 | 91 90 | 41 12                      200

2) sort the pairs in place (done)
42 57 | 53 56 | 1 20 | 7 96 | 5 8 | 15 66 | 4 83 | 63 93 | 55 88 | 6 100 | 39 68 | 84 87 | 3 76 | 22 47 | 9 38 | 46 99 | 61 73 | 40 89 | 35 86 | 90 91 | 12 41

3) create a new sequance with sorted values from each pair (done)
S = 8 20 38 41 47 56 57 66 68 73 76 83 86 87 88 89 91 93 96 99 100

4) insert the value which has been paired with the first element of S at the beginning of S
S = 5 8 20 38 41 47 56 57 66 68 73 76 83 86 87 88 89 91 93 96 99 100
42 57 | 53 56 | 1 20 | 7 96 | 15 66 | 4 83 | 63 93 | 55 88 | 6 100 | 39 68 | 84 87 | 3 76 | 22 47 | 9 38 | 46 99 | 61 73 | 40 89 | 35 86 | 90 91 | 12 41
42 57 | 53 56 | 1 20 | 7 96 | 15 66 | 4 83 | 63 93 | 55 88 | 6 100 | 39 68 | 84 87 | 3 76 | 22 47 | 9 38 | 46 99 | 61 73 | 40 89 | 35 86 | 90 91 | 12 41 | 200 0

5) 
S = 5 8 20 38 41 47 56 57 66 68 73 76 83 86 87 88 89 91 93 96 99 100
toInsert = 42  53  1  7  15  4  63  55  6  39  84  3  22  9  46  61  40  35  90  12  200
            0  1   2  3   4  5  6    7  8  9   10  11 12  13 14  15  16  17  18  19  20

jacob = 0, 1, 1, 3, 5, 11, 21

S = 1 3 4 5 6 7 8 15 20 38 39 41 42 47 53 56 57 66 68 73 76 83 84 86 87 88 89 91 93 96 99 100
toInsert = d  d  d  d  d  d  63  55  d  d  d  d  22  9  46  61  40  35  90  12  200











































S = 8 20 38 41 47 56 57 66 68 73 76 83 86 87 88 89 91 93 96 99 100

